           1           2  0.12382295511363205     
           2           3   1.4420257784774819     
           1           4   1.4707987053369702     
           3           4   1.3853308406963718     
           1           5  0.82061924091596161     
           2           6   1.0734200781482683     
           7           8  0.99317457125523290     
           1           9   1.1936929009521557     
           2           9   1.0871552125524713     
           5          10   1.5442762647310022     
           5          11   1.5540138062776778     
          10          11  0.25046567423777255     
           6          12   1.7099160960916577     
           6          13   1.0359359869414375     
           7          13  0.97109808586682089     
          12          13  0.13981656719194882     
           8          14  0.99792620132013887     
           3          15  0.97308208606715496     
           4          16  0.97596200617729567     
           7          17  0.96314980101195136     
           7          18  0.96447683370929660     
           8          19  0.97270888738508754     
           8          20  0.96886425763956996     
          14          21  0.90421972731495404     
