          21
 6       -4.0888931095       -0.2377143567        0.2463342353  0.8572007100E-01
 6       -0.0606741591        0.6469579018        0.4460363931  0.4809699564E-01
 6       -0.4985052847       -1.2348869610        2.2122104394 -0.6064898904E-01
 6       -3.0810218287       -1.7838479661        2.0936039403 -0.6746550928E-01
 6       -6.8977814199       -0.2117689392       -0.7794044356  0.3765667277E+00
 6        2.1525295218        2.1438848385       -0.1752488367  0.3364166045E+00
 6        4.8507517539       -1.5757133146        0.1666416245  0.7387860535E-01
 6        7.1683452193       -2.2213096097       -1.4440797188  0.7923289753E-01
 8       -2.2869686886        1.2322682843       -0.7037246595 -0.1626047552E+00
 8       -8.4677697225        0.2804886140        0.8612153555 -0.5486497487E+00
 8       -7.1000099776       -0.7624878551       -3.0243070165 -0.5439181675E+00
 8        2.1038911659        4.3084378156       -0.9004723178 -0.3977385311E+00
 8        4.4899217134        1.0659594519        0.1346354852 -0.2888588565E+00
 8        9.3577076799       -2.1561678984        0.0822804702 -0.4352653354E+00
 1        0.8593310785       -2.0520460963        3.4774685666  0.1513564132E-01
 1       -4.0998435981       -3.1364846078        3.2024136796  0.2842809444E-01
 1        5.2161193327       -2.2078658808        2.1041139556  0.6191052745E-01
 1        3.1829253780       -2.5448573437       -0.5805147144  0.4324690142E-01
 1        7.2867776114       -0.8465452609       -2.9860122410  0.4350166859E-01
 1        6.9378222337       -4.1249824645       -2.2495892914  0.2507231266E-01
 1       10.8103206391       -1.8511063365       -0.9663504037  0.2879428451E+00
   41    6.19715301   -0.15350686   -0.21090389  -45.73628331
 1        4.5850725174       -0.0399642289        0.1657990515
 1        8.4425792694       -2.1799154282       -0.5930107832
 1        3.5303308964        1.3835825920       -0.0597301833
 1       10.1565580368       -1.9846981764       -0.5055983067
 3        2.1358647346        3.6049706936       -0.1631531715
 3       -2.6834640503        0.5079157948       -0.6894452572
 3        2.0810117722        3.3242673874       -1.0713583231
 1        6.0027823448       -1.8915528059       -0.6361070275
 3       -2.8007102013        1.1088980436       -0.1044249311
 2        4.8092308044        1.2996854782       -0.2127000093
 1        1.0571969748        1.3447186947        0.1159596741
 2       -2.3255147934        1.6086524725       -1.1016403437
 1        7.0118684769       -3.4803946018       -1.9730182886
 1        7.2509179115       -1.3171937466       -2.4548513889
 2        9.4026107788       -2.6412174702        0.3009486794
 1        3.7674667835       -2.2102587223       -0.3284764588
 2        4.4232110977        1.2857992649        0.5530842543
 2        9.2945861816       -1.7455571890        0.4181116223
 1        5.0858426094       -1.9798145294        1.4216287136
 1        0.4070446789       -1.7872742414        3.0504503250
 2        1.6361043453        4.5034747124       -0.9324794412
 2        2.5788266659        4.4983339310       -0.9938073158
 3       -0.1277884692       -0.5114632249        0.8747102618
 1       -3.7471864223       -2.6864984035        2.8319323063
 4       -0.2862563431        0.2981323600        1.4516654015
 3       -7.0396432877       -1.0120801926       -2.1250526905
 3       -7.8715419769        0.5523446202        0.1924867779
 3       -7.0091228485       -0.1193717569       -2.3605225086
 3       -7.9705672264       -0.3414043486        0.3949034810
 1       -5.2778725624       -0.2059957385       -0.1996411830
 2       -6.6423840523       -0.8493676186       -3.2808148861
 2       -8.2570247650        0.3716139197        1.3412857056
 2       -8.9108905792        0.2910386622        0.6717489362
 2       -7.5728325844       -0.7782873511       -3.1506097317
 4       -2.9154200554       -0.9434331059        1.7338927984
 3       -1.6486190557        0.7521411180       -0.6864525080
 3       -1.7604230642        1.3267660141       -0.0745038539
 3       -3.3099904060       -1.6403487921        1.2571455240
 3       -3.5238578320       -1.0367479324        1.8113131523
 4       -2.0161397457       -1.9566323757        1.8255637884
 3       -2.0313816071       -1.2360491753        2.5283880234
  0.249363  0.012271  0.009711  0.016969  0.016863  0.001566  0.000065  0.000011  0.007040  0.330461
  0.352243  0.000759  0.001268  0.000001  0.001376 -0.000000  0.000003  0.000015  0.000005  0.000012
  0.000000
  0.125525  0.042163  0.172608  0.010392  0.000918  0.306860  0.002285  0.001727  0.064856  0.008988
  0.004649  0.204647  0.050872  0.000083  0.000009  0.000209  0.002082  0.000686  0.000047  0.000375
  0.000020
