Run semi-empirical minimization
 &qmmm
    qm_theory='AM1', grms_tol=0.0005,
 scfconv=1.d-10, ndiis_attempts=700,   qmcharge=0,
 /
   8     O        3.0620       -0.7800        1.4010 
   7     N        1.5070       -2.3650       -0.0330 
   6    CA        1.4660       -0.9690       -0.3930 
   6    CB        0.0950       -0.3680       -0.1720 
   6   CG1       -0.5070       -0.4680        1.0770 
   6   CG2       -0.5700        0.2900       -1.1970 
   6     C        2.4780       -0.2280        0.4900 
   6   CD1       -1.7570        0.0810        1.2950 
   6   CD2       -1.8210        0.8400       -0.9770 
   6    CE       -2.4160        0.7380        0.2690 
   1    HA        1.7410       -0.8730       -1.4510 
   1   HG1        0.0090       -0.9800        1.8760 
   1   HG2       -0.1160        0.3550       -2.1760 
   1   HD1       -2.2180       -0.0030        2.2680 
   1   HD2       -2.3350        1.3440       -1.7820 
   1    HN        1.9790       -2.5650        0.8400 
   1    HE       -3.3930        1.1660        0.4390 
   6    CN        3.4830        1.9640        0.9110 
   7    NN        2.6290        1.0680        0.1690 
   1  HNN1        2.0710        1.4560       -0.5750 
   1  HCN1        3.9870        1.3760        1.6760 
   1  HCN2        4.2260        2.4160        0.2530 
   1  HCN3        2.8960        2.7520        1.3870 
   6   CC1        1.1810       -3.3440       -0.9070 
   8    OC        0.7520       -3.1080       -2.0160 
   6   CC2        1.3880       -4.7380       -0.3550 
   1   HC1        1.0940       -5.4680       -1.1040 
   1   HC2        2.4340       -4.8850       -0.0970 
   1   HC3        0.7850       -4.8760        0.5390 

